function y = p6(x)
    y = 1 - ((1200 + 400 .* x)./((264.87 .* x .^ 3) + (132.435 .* x .^4) + (22.0725 .* x .^ 5) + (1.22625 .* x .^ 6)));
end